GeneID,Total_Codons,A%,T%,G%,C%
Psal_000001,117,22.22,32.48,17.09,28.21
Psal_000002,66,15.15,21.21,31.82,31.82
Psal_000003,48,16.67,18.75,31.25,33.33
Psal_000004,91,27.47,20.88,29.67,21.98
Psal_000005,203,20.2,32.51,20.2,27.09
Psal_000006,357,15.41,35.01,14.57,35.01
Psal_000007,88,20.45,28.41,22.73,28.41
Psal_000008,436,17.66,27.29,27.98,27.06
Psal_000009,249,34.94,23.69,16.87,24.5
Psal_000010,98,18.37,26.53,20.41,34.69
Psal_000011,291,21.31,28.18,20.62,29.9
Psal_000012,436,22.25,27.29,17.2,33.26
Psal_000013,116,23.28,25.0,23.28,28.45
Psal_000014,64,10.94,18.75,31.25,39.06
Psal_000015,611,22.42,19.8,25.86,31.91
Psal_000016,158,19.62,27.85,16.46,36.08
Psal_000017,222,22.07,24.32,23.87,29.73
Psal_000018,59,30.51,27.12,16.95,25.42
Psal_000019,301,17.28,38.87,26.25,17.61
Psal_000020,333,24.32,21.02,31.23,23.42
Psal_000021,222,19.82,23.87,24.77,31.53
Psal_000022,216,22.22,26.39,22.69,28.7
Psal_000023,209,19.14,26.79,24.88,29.19
Psal_000024,57,22.81,24.56,26.32,26.32
Psal_000025,827,19.59,30.96,28.17,21.28
Psal_000026,38,15.79,26.32,26.32,31.58
Psal_000027,268,24.25,23.13,24.63,27.99
Psal_000028,223,22.42,25.56,24.66,27.35
Psal_000029,213,22.54,24.88,15.96,36.62
Psal_000030,48,25.0,31.25,16.67,27.08
Psal_000032,76,22.37,31.58,19.74,26.32
Psal_000033,151,21.85,19.87,23.84,34.44
Psal_000034,238,29.83,19.75,21.85,28.57
Psal_000035,62,24.19,24.19,29.03,22.58
Psal_000036,55,12.73,20.0,34.55,32.73
Psal_000037,43,25.58,37.21,9.3,27.91
Psal_000038,61,22.95,32.79,26.23,18.03
Psal_000039,55,21.82,20.0,32.73,25.45
Psal_000040,109,23.85,33.94,22.94,19.27
Psal_000041,181,25.41,22.1,24.31,28.18
Psal_000042,79,22.78,25.32,18.99,32.91
Psal_000043,119,15.97,24.37,23.53,36.13
Psal_000044,56,12.5,41.07,16.07,30.36
Psal_000045,95,23.16,28.42,21.05,27.37
Psal_000046,309,18.12,28.16,27.51,26.21
Psal_000047,216,25.0,21.76,25.46,27.78
Psal_000048,157,27.39,19.11,20.38,33.12
Psal_000049,140,23.57,28.57,27.14,20.71
Psal_000050,179,25.7,23.46,18.44,32.4
Psal_000051,217,23.5,25.35,22.58,28.57
Psal_000052,76,23.68,31.58,18.42,26.32
Psal_000053,124,20.97,31.45,24.19,23.39
Psal_000054,177,19.77,22.6,20.9,36.72
Psal_000055,130,18.46,20.0,23.85,37.69
Psal_000056,90,24.44,18.89,30.0,26.67
Psal_000057,71,8.45,26.76,28.17,36.62
Psal_000058,25,4.0,24.0,12.0,60.0
Psal_000059,218,22.94,26.15,18.81,32.11
Psal_000060,206,20.39,18.93,25.24,35.44
Psal_000061,249,23.29,26.91,24.1,25.7
Psal_000062,271,23.62,25.46,21.4,29.52
Psal_000063,276,23.19,23.55,26.45,26.81
Psal_000064,38,23.68,26.32,26.32,23.68
Psal_000065,202,24.26,24.26,31.19,20.3
Psal_000066,236,23.31,29.66,22.03,25.0
Psal_000067,278,24.82,25.9,24.1,25.18
Psal_000068,356,16.85,20.79,32.3,30.06
Psal_000069,140,21.43,23.57,35.0,20.0
Psal_000070,239,25.1,24.69,23.85,26.36
Psal_000071,89,23.6,16.85,31.46,28.09
Psal_000072,33,21.21,30.3,27.27,21.21
Psal_000073,124,19.35,27.42,16.94,36.29
Psal_000074,210,25.71,17.62,15.71,40.95
Psal_000075,323,20.12,19.5,21.98,38.39
Psal_000076,112,16.96,17.86,32.14,33.04
Psal_000077,72,27.78,19.44,31.94,20.83
Psal_000078,432,25.69,22.92,31.25,20.14
Psal_000079,313,19.81,22.04,20.13,38.02
Psal_000080,239,20.92,27.62,19.67,31.8
Psal_000081,256,20.31,19.53,23.44,36.72
Psal_000082,329,20.36,22.8,19.76,37.08
Psal_000083,349,23.78,24.64,20.06,31.52
Psal_000084,305,17.7,26.89,25.57,29.84
Psal_000085,302,15.56,25.5,29.47,29.47
Psal_000086,273,17.95,23.81,27.11,31.14
Psal_000087,255,21.57,20.78,33.33,24.31
Psal_000088,98,17.35,27.55,22.45,32.65
Psal_000089,194,19.59,27.32,28.35,24.74
Psal_000090,85,18.82,38.82,12.94,29.41
Psal_000091,473,22.41,25.79,20.3,31.5
Psal_000092,643,20.37,23.17,26.28,30.17
Psal_000093,163,15.95,22.09,32.52,29.45
Psal_000094,80,20.0,27.5,21.25,31.25
Psal_000095,173,19.08,31.79,21.97,27.17
Psal_000096,271,19.93,22.88,23.62,33.58
Psal_000097,211,20.85,27.96,21.33,29.86
Psal_000098,85,10.59,21.18,22.35,45.88
Psal_000099,463,19.22,25.27,24.41,31.1
Psal_000100,61,22.95,29.51,16.39,31.15
Psal_000101,318,23.58,24.21,21.38,30.82
Psal_000102,67,13.43,14.93,38.81,32.84
Psal_000103,184,16.3,19.57,39.13,25.0
Psal_000104,205,17.56,26.83,20.0,35.61
Psal_000105,100,24.0,23.0,22.0,31.0
Psal_000106,104,27.88,32.69,16.35,23.08
Psal_000107,129,23.26,34.11,13.95,28.68
Psal_000108,119,22.69,24.37,30.25,22.69
Psal_000109,39,20.51,33.33,17.95,28.21
Psal_000110,493,24.54,26.37,25.35,23.73
Psal_000111,513,20.66,26.51,27.68,25.15
Psal_000112,341,26.98,26.98,23.75,22.29
Psal_000113,399,19.55,23.06,29.07,28.32
Psal_000114,104,28.85,23.08,12.5,35.58
Psal_000115,184,36.41,14.67,27.72,21.2
Psal_000116,182,36.81,14.84,27.47,20.88
Psal_000117,497,24.95,25.35,28.37,21.33
Psal_000118,177,23.73,23.16,22.6,30.51
Psal_000119,201,20.9,20.9,25.87,32.34
Psal_000120,207,23.67,27.05,24.15,25.12
Psal_000121,329,19.15,26.44,26.44,27.96
Psal_000122,230,18.26,25.22,23.48,33.04
Psal_000123,120,22.5,20.83,25.83,30.83
Psal_000124,297,18.86,22.56,21.21,37.37
Psal_000125,139,15.83,22.3,28.06,33.81
Psal_000126,199,15.08,31.16,25.13,28.64
Psal_000127,196,18.88,27.04,21.43,32.65
Psal_000128,262,19.08,24.81,26.72,29.39
Psal_000129,197,20.81,29.95,20.81,28.43
Psal_000130,162,20.99,25.31,24.07,29.63
Psal_000131,112,10.71,28.57,27.68,33.04
Psal_000132,285,24.21,23.51,23.51,28.77
Psal_000133,275,17.09,30.91,20.36,31.64
Psal_000134,115,20.87,30.43,16.52,32.17
Psal_000135,42,28.57,35.71,14.29,21.43
Psal_000136,195,28.72,20.0,24.62,26.67
Psal_000137,291,20.96,21.31,24.4,33.33
Psal_000138,317,18.93,21.77,26.81,32.49
Psal_000139,272,20.22,26.1,26.84,26.84
Psal_000140,185,19.46,21.62,25.95,32.97
Psal_000141,593,23.61,27.99,23.95,24.45
Psal_000142,490,22.45,20.61,33.06,23.88
Psal_000143,127,16.54,32.28,14.17,37.01
Psal_000144,123,17.89,26.02,17.89,38.21
Psal_000145,193,19.17,29.02,25.91,25.91
Psal_000146,186,18.82,26.88,23.12,31.18
Psal_000147,828,17.27,30.68,23.19,28.86
Psal_000149,523,20.65,30.21,24.86,24.28
Psal_000150,216,19.91,34.26,16.67,29.17
Psal_000151,505,22.57,27.52,18.61,31.29
Psal_000152,270,22.96,23.7,27.04,26.3
Psal_000153,244,16.39,29.92,21.72,31.97
Psal_000154,503,23.66,26.84,20.08,29.42
Psal_000155,357,17.37,30.53,18.77,33.33
Psal_000156,98,23.47,30.61,20.41,25.51
Psal_000157,160,19.38,21.88,20.0,38.75
Psal_000158,457,22.76,26.04,25.82,25.38
Psal_000159,34,14.71,41.18,17.65,26.47
Psal_000160,450,17.33,28.44,21.78,32.44
Psal_000161,232,24.14,21.12,27.59,27.16
Psal_000162,391,22.51,27.88,22.25,27.37
Psal_000163,54,31.48,25.93,12.96,29.63
Psal_000164,57,33.33,17.54,24.56,24.56
Psal_000165,316,18.99,30.06,23.73,27.22
Psal_000166,210,23.81,24.29,20.95,30.95
Psal_000167,119,24.37,23.53,14.29,37.82
Psal_000168,153,14.38,24.84,25.49,35.29
Psal_000169,164,15.85,28.66,24.39,31.1
Psal_000171,316,20.89,28.8,20.89,29.43
Psal_000173,163,22.09,26.38,20.25,31.29
Psal_000174,160,15.0,26.88,26.25,31.87
Psal_000175,102,18.63,19.61,31.37,30.39
Psal_000176,54,18.52,37.04,11.11,33.33
Psal_000177,406,21.92,27.83,23.89,26.35
Psal_000178,396,20.2,25.25,24.49,30.05
Psal_000179,148,17.57,31.08,17.57,33.78
Psal_000180,361,21.33,29.64,20.5,28.53
Psal_000181,146,20.55,30.82,20.55,28.08
Psal_000182,247,26.72,24.7,31.58,17.0
Psal_000184,138,26.81,21.74,33.33,18.12
Psal_000185,512,16.02,26.56,28.12,29.3
Psal_000186,183,22.95,27.87,22.4,26.78
Psal_000187,224,15.18,26.34,18.75,39.73
Psal_000188,152,19.74,25.66,23.03,31.58
Psal_000189,850,17.18,32.0,16.94,33.88
Psal_000190,116,31.03,25.0,16.38,27.59
Psal_000191,297,20.2,25.25,19.53,35.02
Psal_000192,271,18.08,26.57,21.03,34.32
Psal_000193,338,19.23,33.43,21.01,26.33
Psal_000194,143,22.38,27.27,19.58,30.77
Psal_000195,525,19.81,26.86,24.38,28.95
Psal_000196,271,16.24,31.37,14.76,37.64
Psal_000197,303,17.82,31.35,23.1,27.72
Psal_000198,309,21.68,29.77,21.04,27.51
Psal_000199,372,23.39,22.04,27.69,26.88
Psal_000200,248,21.77,23.39,19.35,35.48
Psal_000201,180,21.67,26.11,22.22,30.0
Psal_000202,542,22.32,26.38,23.99,27.31
Psal_000203,271,20.66,28.04,20.3,31.0
Psal_000204,379,21.9,29.55,19.53,29.02
Psal_000205,185,21.08,28.11,24.86,25.95
Psal_000206,144,10.42,27.78,21.53,40.28
Psal_000207,121,26.45,24.79,21.49,27.27
Psal_000208,208,20.67,26.44,24.52,28.37
Psal_000209,298,21.81,26.17,21.48,30.54
Psal_000210,298,18.12,22.82,22.15,36.91
Psal_000211,168,27.38,25.6,19.05,27.98
Psal_000212,66,18.18,21.21,31.82,28.79
Psal_000213,54,18.52,33.33,25.93,22.22
Psal_000214,217,16.13,27.65,24.88,31.34
Psal_000215,525,22.29,25.14,31.81,20.76
Psal_000216,480,19.58,26.04,24.38,30.0
Psal_000217,279,16.85,19.0,29.39,34.77
Psal_000218,99,14.14,26.26,19.19,40.4
Psal_000219,50,22.0,18.0,28.0,32.0
Psal_000220,487,22.79,29.16,21.36,26.69
Psal_000221,421,21.85,29.69,23.75,24.7
Psal_000222,432,19.68,27.31,22.45,30.56
Psal_000223,245,14.69,29.39,17.96,37.96
Psal_000224,231,24.68,32.47,19.91,22.94
Psal_000225,199,15.58,32.16,19.6,32.66
Psal_000226,315,22.54,27.94,20.0,29.52
Psal_000227,108,27.78,28.7,23.15,20.37
Psal_000228,380,12.63,34.74,21.84,30.79
Psal_000229,110,17.27,28.18,22.73,31.82
Psal_000230,333,25.23,25.23,20.12,29.43
Psal_000231,127,19.69,18.9,29.13,32.28
Psal_000232,76,23.68,18.42,34.21,23.68
Psal_000233,232,21.55,19.4,33.19,25.86
Psal_000234,268,14.55,30.22,17.16,38.06
Psal_000235,1157,23.94,34.4,19.45,22.21
Psal_000236,162,16.67,27.78,20.37,35.19
Psal_000237,271,23.62,26.57,21.03,28.78
Psal_000238,323,11.76,30.34,19.2,38.7
Psal_000239,31,3.23,41.94,16.13,38.71
Psal_000240,223,10.31,22.87,26.91,39.91
Psal_000241,95,16.84,25.26,21.05,36.84
Psal_000242,260,20.0,28.46,20.38,31.15
Psal_000243,165,13.33,26.67,15.15,44.85
Psal_000244,164,23.78,27.44,20.12,28.66
Psal_000245,174,28.74,16.09,24.71,30.46
Psal_000246,36,22.22,22.22,19.44,36.11
Psal_000247,394,21.32,26.9,21.32,30.46
Psal_000248,210,22.86,24.76,27.62,24.76
Psal_000249,113,21.24,27.43,22.12,29.2
Psal_000250,243,20.16,24.28,23.46,32.1
Psal_000251,50,26.0,14.0,38.0,22.0
Psal_000252,157,30.57,20.38,26.11,22.93
Psal_000253,276,15.94,35.14,18.84,30.07
Psal_000254,153,23.53,21.57,22.88,32.03
Psal_000255,206,22.33,20.39,25.73,31.55
Psal_000256,247,26.32,21.86,17.81,34.01
Psal_000257,157,24.84,26.11,19.75,29.3
Psal_000258,354,19.21,27.12,30.23,23.45
Psal_000259,212,22.17,21.7,23.58,32.55
Psal_000260,319,21.0,24.76,25.71,28.53
Psal_000261,144,23.61,31.25,18.75,26.39
Psal_000262,69,36.23,17.39,21.74,24.64
Psal_000263,55,23.64,18.18,7.27,50.91
Psal_000264,126,26.98,21.43,32.54,19.05
Psal_000265,240,29.17,24.58,18.75,27.5
Psal_000266,106,21.7,22.64,19.81,35.85
Psal_000267,169,20.12,26.04,20.12,33.73
Psal_000268,118,20.34,34.75,10.17,34.75
Psal_000269,182,21.43,25.27,20.33,32.97
Psal_000270,57,26.32,36.84,12.28,24.56
Psal_000271,150,20.67,20.0,24.0,35.33
Psal_000272,147,25.85,28.57,27.89,17.69
Psal_000273,61,31.15,18.03,27.87,22.95
Psal_000274,428,18.93,28.97,23.36,28.74
Psal_000275,200,19.0,23.5,21.0,36.5
Psal_000276,201,17.41,28.86,20.4,33.33
Psal_000277,325,27.69,26.77,23.08,22.46
Psal_000278,112,26.79,25.0,20.54,27.68
Psal_000279,127,20.47,26.77,22.05,30.71
Psal_000280,139,23.74,25.9,24.46,25.9
Psal_000281,206,26.7,19.9,23.79,29.61
Psal_000282,245,25.71,24.49,24.49,25.31
Psal_000283,200,22.5,22.0,24.0,31.5
Psal_000284,562,17.97,25.98,21.0,35.05
Psal_000285,300,21.67,29.67,19.0,29.67
Psal_000286,294,31.29,18.37,25.51,24.83
Psal_000287,299,17.39,26.42,21.74,34.45
Psal_000288,85,21.18,12.94,29.41,36.47
Psal_000289,315,20.63,24.76,27.94,26.67
Psal_000290,355,15.77,29.58,18.87,35.77
Psal_000291,203,17.73,26.11,20.2,35.96
Psal_000292,120,19.17,30.83,23.33,26.67
Psal_000293,242,20.25,21.49,32.64,25.62
Psal_000294,554,21.48,25.09,23.65,29.78
Psal_000295,540,17.04,29.26,24.26,29.44
Psal_000296,119,25.21,19.33,25.21,30.25
Psal_000297,370,17.84,31.62,24.86,25.68
Psal_000298,74,21.62,29.73,20.27,28.38
Psal_000299,175,26.29,22.86,27.43,23.43
Psal_000300,330,18.48,31.21,19.09,31.21
Psal_000301,540,20.56,31.11,22.59,25.74
Psal_000302,250,21.2,26.4,21.2,31.2
Psal_000303,377,18.57,32.36,20.42,28.65
Psal_000304,147,17.69,29.93,22.45,29.93
Psal_000305,90,20.0,16.67,27.78,35.56
Psal_000306,35,22.86,20.0,45.71,11.43
Psal_000307,119,19.33,26.89,23.53,30.25
Psal_000308,202,19.8,27.72,23.76,28.71
Psal_000309,202,24.26,22.77,23.27,29.7
Psal_000310,206,19.42,32.04,25.24,23.3
Psal_000311,283,15.55,33.57,24.03,26.86
Psal_000312,446,30.72,18.83,26.68,23.77
Psal_000313,78,23.08,28.21,21.79,26.92
Psal_000314,193,24.87,17.1,33.16,24.87
Psal_000315,64,17.19,42.19,20.31,20.31
Psal_000316,106,31.13,20.75,16.98,31.13
Psal_000317,220,19.55,27.27,24.55,28.64
Psal_000318,552,18.48,31.7,23.91,25.91
Psal_000319,601,24.29,22.46,21.96,31.28
Psal_000320,259,8.49,28.19,9.65,53.67
Psal_000321,284,20.07,23.24,26.06,30.63
Psal_000322,232,22.84,23.28,26.29,27.59
Psal_000323,200,16.5,28.5,17.0,38.0
Psal_000324,663,22.02,25.04,26.7,26.24
Psal_000325,224,23.66,18.3,29.02,29.02
Psal_000326,228,18.42,24.56,28.51,28.51
Psal_000327,204,27.94,23.53,23.53,25.0
Psal_000328,232,23.71,26.72,25.86,23.71
Psal_000329,226,17.7,23.89,28.76,29.65
Psal_000330,235,24.26,21.28,28.09,26.38
Psal_000331,200,20.5,26.0,25.0,28.5
Psal_000332,605,23.31,27.44,19.67,29.59
Psal_000333,591,24.03,23.01,27.07,25.89
Psal_000334,306,31.05,20.26,25.82,22.88
Psal_000335,545,23.85,26.97,21.83,27.34
Psal_000336,75,12.0,21.33,26.67,40.0
Psal_000337,158,30.38,26.58,19.62,23.42
Psal_000338,766,21.8,26.11,24.41,27.68
Psal_000339,113,15.04,24.78,33.63,26.55
Psal_000340,517,21.08,25.34,27.08,26.5
Psal_000341,778,21.21,26.86,24.68,27.25
Psal_000342,177,20.9,27.68,22.03,29.38
Psal_000343,731,22.71,26.68,24.49,26.13
Psal_000344,511,22.11,26.42,18.59,32.88
Psal_000345,343,17.78,29.45,19.83,32.94
Psal_000346,91,24.18,25.27,25.27,25.27
Psal_000347,967,18.3,25.75,37.23,18.72
Psal_000348,279,19.71,24.73,26.52,29.03
Psal_000349,330,15.45,25.45,35.45,23.64
Psal_000350,762,24.93,25.85,22.44,26.77
Psal_000351,755,20.79,27.95,21.85,29.4
Psal_000352,164,23.17,26.22,18.9,31.71
Psal_000353,296,22.64,28.38,22.97,26.01
Psal_000354,179,16.76,24.02,20.67,38.55
Psal_000355,150,20.0,23.33,26.0,30.67
Psal_000356,475,23.37,22.95,25.89,27.79
Psal_000357,142,17.61,21.83,27.46,33.1
Psal_000358,290,17.59,30.34,24.14,27.93
Psal_000359,588,22.96,26.19,23.98,26.87
Psal_000360,397,16.62,25.44,27.96,29.97
Psal_000361,41,12.2,21.95,31.71,34.15
Psal_000362,86,26.74,19.77,30.23,23.26
Psal_000363,588,22.96,26.19,23.98,26.87
Psal_000364,289,17.65,30.45,24.22,27.68
Psal_000365,150,18.0,23.33,26.67,32.0
Psal_000366,195,20.0,25.13,28.21,26.67
Psal_000368,359,20.33,27.02,25.91,26.74
Psal_000369,228,15.79,41.67,12.72,29.82
Psal_000370,122,25.41,27.05,20.49,27.05
Psal_000371,359,20.33,27.02,25.91,26.74
Psal_000372,228,15.79,41.67,12.72,29.82
Psal_000373,122,25.41,27.05,20.49,27.05
Psal_000374,711,14.91,33.76,19.69,31.65
Psal_000375,116,13.79,25.86,25.86,34.48
Psal_000376,137,21.9,25.55,24.82,27.74
Psal_000377,173,19.08,27.17,21.97,31.79
Psal_000378,243,13.17,44.44,9.05,33.33
Psal_000379,497,21.73,28.97,21.33,27.97
Psal_000380,286,19.23,27.27,19.58,33.92
Psal_000381,58,24.14,27.59,20.69,27.59
Psal_000382,183,18.03,21.31,24.59,36.07
Psal_000383,176,23.86,23.86,21.02,31.25
Psal_000384,245,16.33,40.41,10.2,33.06
Psal_000385,280,14.64,33.21,19.64,32.5
Psal_000386,67,19.4,28.36,26.87,25.37
Psal_000387,110,25.45,22.73,26.36,25.45
Psal_000388,87,14.94,24.14,12.64,48.28
Psal_000389,232,26.72,23.28,20.69,29.31
Psal_000390,86,11.63,31.4,18.6,38.37
Psal_000391,361,20.78,25.76,24.65,28.81
Psal_000392,352,19.32,28.69,24.72,27.27
Psal_000393,173,12.14,27.17,22.54,38.15
Psal_000394,227,12.33,37.89,17.18,32.6
Psal_000395,220,23.18,29.09,17.73,30.0
Psal_000396,150,16.67,27.33,24.0,32.0
Psal_000397,74,16.22,22.97,24.32,36.49
Psal_000398,78,20.51,33.33,20.51,25.64
Psal_000399,642,20.25,27.1,24.3,28.35
Psal_000400,151,19.21,31.13,23.84,25.83
Psal_000401,325,21.85,27.38,21.85,28.92
Psal_000402,287,19.51,20.91,24.04,35.54
Psal_000403,369,22.49,28.73,25.2,23.58
Psal_000404,101,20.79,29.7,18.81,30.69
Psal_000405,71,19.72,30.99,19.72,29.58
Psal_000406,147,21.09,26.53,22.45,29.93
Psal_000407,155,20.0,20.65,20.65,38.71
Psal_000408,61,18.03,37.7,18.03,26.23
Psal_000409,209,18.18,27.75,16.75,37.32
Psal_000410,205,18.54,27.32,24.39,29.76
Psal_000411,52,17.31,23.08,32.69,26.92
Psal_000412,153,15.03,25.49,23.53,35.95
Psal_000413,138,13.04,31.88,23.19,31.88
Psal_000414,398,24.37,26.88,18.84,29.9
Psal_000415,72,23.61,15.28,25.0,36.11
Psal_000416,537,16.95,28.68,22.16,32.22
Psal_000417,152,21.71,19.08,22.37,36.84
Psal_000418,151,17.22,25.83,23.84,33.11
Psal_000419,207,15.94,27.05,23.19,33.82
Psal_000420,207,18.36,25.12,28.02,28.5
Psal_000421,156,18.59,28.21,20.51,32.69
Psal_000422,75,28.0,30.67,16.0,25.33
Psal_000423,173,25.43,19.65,27.75,27.17
Psal_000424,229,19.21,24.45,21.83,34.5
Psal_000425,118,17.8,22.03,30.51,29.66
Psal_000426,283,21.2,25.09,18.37,35.34
Psal_000427,441,12.7,31.07,27.89,28.34
Psal_000428,600,4.83,37.5,8.83,48.83
Psal_000429,226,22.57,24.34,30.09,23.01
Psal_000430,198,18.69,26.26,20.71,34.34
Psal_000431,205,22.44,26.34,20.49,30.73
Psal_000432,135,15.56,25.93,21.48,37.04
Psal_000433,190,16.84,37.37,17.37,28.42
Psal_000434,726,23.42,25.34,24.24,27.0
Psal_000435,191,17.8,39.27,17.28,25.65
Psal_000436,113,22.12,26.55,23.01,28.32
Psal_000437,187,18.18,35.29,20.32,26.2
Psal_000438,246,9.35,35.37,16.67,38.62
Psal_000439,190,22.11,40.0,15.79,22.11
Psal_000440,48,18.75,39.58,25.0,16.67
Psal_000441,122,22.13,17.21,32.79,27.87
Psal_000442,175,16.57,28.57,24.0,30.86
Psal_000443,477,20.13,25.79,24.32,29.77
Psal_000444,733,22.78,26.88,24.01,26.33
Psal_000445,145,13.79,38.62,22.07,25.52
Psal_000446,327,21.41,28.44,20.18,29.97
Psal_000447,199,15.08,39.2,14.57,31.16
Psal_000448,106,13.21,34.91,19.81,32.08
Psal_000449,171,23.39,27.49,23.39,25.73
Psal_000450,360,18.89,26.39,24.17,30.56
Psal_000451,85,25.88,28.24,20.0,25.88
Psal_000452,484,22.52,25.0,21.9,30.58
Psal_000453,124,19.35,21.77,17.74,41.13
Psal_000454,112,23.21,29.46,17.86,29.46
Psal_000455,124,18.55,20.97,18.55,41.94
Psal_000456,107,15.89,39.25,20.56,24.3
Psal_000457,178,20.79,28.65,26.4,24.16
Psal_000458,342,17.54,24.85,32.16,25.44
Psal_000459,181,21.55,27.07,25.41,25.97
Psal_000460,251,20.72,21.51,27.09,30.68
Psal_000461,274,19.34,28.1,23.72,28.83
Psal_000462,276,20.29,22.1,22.1,35.51
Psal_000463,303,19.14,29.37,18.48,33.0
Psal_000464,113,25.66,16.81,36.28,21.24
Psal_000465,321,19.0,29.28,16.82,34.89
Psal_000466,381,23.62,24.67,21.0,30.71
Psal_000467,265,20.75,28.3,17.74,33.21
Psal_000468,199,19.6,29.15,19.1,32.16
Psal_000469,174,24.14,30.46,22.41,22.99
Psal_000470,318,18.24,27.67,16.98,37.11
Psal_000471,113,25.66,16.81,35.4,22.12
Psal_000472,272,18.38,20.22,20.96,40.44
Psal_000473,305,20.33,25.57,18.36,35.74
Psal_000474,246,22.76,21.54,24.8,30.89
Psal_000475,194,27.32,29.9,20.62,22.16
Psal_000476,176,35.8,17.05,25.57,21.59
Psal_000477,265,21.89,23.4,23.02,31.7
Psal_000478,445,20.67,27.64,22.47,29.21
Psal_000479,73,12.33,27.4,13.7,46.58
Psal_000480,285,18.6,20.35,25.61,35.44
Psal_000481,296,14.86,31.08,33.78,20.27
Psal_000482,104,15.38,26.92,30.77,26.92
Psal_000483,876,21.23,30.82,24.77,23.17
Psal_000484,197,25.38,29.95,14.72,29.95
Psal_000485,126,30.16,21.43,21.43,26.98
Psal_000486,331,20.85,25.68,19.03,34.44
Psal_000487,144,22.22,25.69,22.92,29.17
Psal_000488,797,21.58,28.98,22.96,26.47
Psal_000489,1241,21.92,27.72,20.39,29.98
Psal_000490,143,25.87,34.97,19.58,19.58
Psal_000491,851,23.15,27.97,24.91,23.97
Psal_000492,634,23.5,30.6,19.4,26.5
Psal_000493,107,28.97,20.56,22.43,28.04
Psal_000494,60,28.33,30.0,21.67,20.0
Psal_000495,242,18.6,29.75,14.46,37.19
Psal_000496,239,23.01,26.36,22.18,28.45
Psal_000497,227,22.91,22.03,20.26,34.8
Psal_000498,204,26.47,22.06,19.61,31.86
Psal_000499,242,27.69,25.62,26.03,20.66
Psal_000500,214,27.57,24.3,24.3,23.83
Psal_000501,158,20.25,34.81,21.52,23.42
Psal_000502,231,17.32,25.54,35.93,21.21
Psal_000503,72,11.11,25.0,20.83,43.06
Psal_000504,228,24.56,25.88,24.56,25.0
Psal_000505,380,17.37,30.79,22.89,28.95
Psal_000506,176,14.2,29.55,25.57,30.68
Psal_000507,236,24.15,25.42,19.07,31.36
Psal_000508,66,7.58,30.3,18.18,43.94
Psal_000509,230,24.35,28.26,22.17,25.22
Psal_000510,239,22.18,24.27,22.59,30.96
Psal_000511,138,19.57,23.91,13.04,43.48
Psal_000512,236,19.07,29.66,22.03,29.24
Psal_000513,133,17.29,27.82,27.82,27.07
Psal_000514,808,20.92,27.72,22.4,28.96
Psal_000515,194,28.35,26.8,19.59,25.26
Psal_000516,247,14.17,33.6,10.53,41.7
Psal_000517,224,27.23,27.68,18.3,26.79
Psal_000518,113,25.66,14.16,19.47,40.71
Psal_000519,90,22.22,18.89,26.67,32.22
Psal_000520,196,20.41,27.04,27.04,25.51
Psal_000521,84,26.19,15.48,20.24,38.1
Psal_000522,257,28.4,27.24,20.62,23.74
Psal_000523,405,24.69,20.25,25.43,29.63
Psal_000524,297,17.51,29.97,16.5,36.03
Psal_000525,302,21.85,23.51,24.83,29.8
Psal_000526,59,25.42,16.95,18.64,38.98
Psal_000527,43,13.95,30.23,20.93,34.88
Psal_000528,498,16.06,24.1,29.12,30.72
Psal_000529,159,32.08,18.87,20.75,28.3
Psal_000530,47,23.4,17.02,34.04,25.53
Psal_000531,174,21.26,21.26,31.03,26.44
Psal_000532,825,17.58,32.73,19.52,30.18
Psal_000533,356,16.29,26.69,23.88,33.15
Psal_000534,337,17.21,26.11,28.49,28.19
Psal_000535,320,21.25,26.25,21.25,31.25
Psal_000536,238,21.01,22.69,26.05,30.25
Psal_000537,218,24.31,30.28,22.48,22.94
Psal_000538,221,19.91,30.77,15.38,33.94
Psal_000539,141,20.57,18.44,23.4,37.59
Psal_000540,138,18.84,28.99,26.09,26.09
Psal_000541,215,23.72,29.3,22.79,24.19
Psal_000542,136,21.32,13.97,36.03,28.68
Psal_000543,110,20.0,36.36,15.45,28.18
Psal_000544,206,18.45,21.36,24.27,35.92
Psal_000545,330,23.94,23.33,25.15,27.58
Psal_000546,139,25.9,23.74,17.27,33.09
Psal_000547,1088,18.66,28.86,21.78,30.7
Psal_000548,246,21.54,28.46,29.27,20.73
Psal_000549,625,19.04,27.52,27.68,25.76
Psal_000550,112,18.75,29.46,22.32,29.46
Psal_000551,157,22.29,29.94,23.57,24.2
Psal_000552,342,22.22,27.49,17.54,32.75
Psal_000553,515,25.24,25.83,23.11,25.83
Psal_000554,452,23.01,30.75,21.02,25.22
Psal_000555,295,18.98,26.78,26.1,28.14
Psal_000556,209,26.32,30.62,24.4,18.66
Psal_000557,465,22.8,29.46,28.82,18.92
Psal_000558,299,26.42,24.08,17.06,32.44
Psal_000559,317,22.4,27.44,17.98,32.18
Psal_000560,843,20.17,30.72,22.78,26.33
Psal_000561,476,15.34,35.08,17.02,32.56
Psal_000562,526,15.97,26.81,26.62,30.61
Psal_000563,42,26.19,26.19,11.9,35.71
Psal_000564,570,18.95,31.58,19.3,30.18
Psal_000565,86,20.93,22.09,27.91,29.07
Psal_000566,394,21.07,25.13,27.16,26.65
Psal_000567,205,23.41,18.05,28.29,30.24
Psal_000568,302,18.87,21.52,21.52,38.08
Psal_000569,66,15.15,30.3,21.21,33.33
Psal_000570,498,25.3,22.89,17.67,34.14
Psal_000571,94,23.4,23.4,22.34,30.85
Psal_000572,453,20.75,32.01,13.25,34.0
Psal_000573,487,17.66,31.83,22.79,27.72
Psal_000574,216,24.07,26.85,20.37,28.7
Psal_000575,64,26.56,20.31,20.31,32.81
Psal_000576,585,19.15,30.26,21.37,29.23
Psal_000577,190,22.11,32.63,17.89,27.37
Psal_000578,113,23.01,30.97,12.39,33.63
Psal_000579,73,28.77,26.03,17.81,27.4
Psal_000580,239,21.34,26.36,27.2,25.1
Psal_000581,81,17.28,33.33,13.58,35.8
Psal_000582,37,21.62,21.62,21.62,35.14
Psal_000583,214,23.83,27.57,20.56,28.04
Psal_000584,1209,14.97,33.33,16.46,35.24
Psal_000585,285,25.96,27.37,16.84,29.82
Psal_000586,289,22.15,23.53,22.15,32.18
Psal_000587,310,22.26,22.9,30.65,24.19
Psal_000588,521,18.62,30.9,22.26,28.21
Psal_000589,486,21.6,27.16,23.25,27.98
Psal_000590,305,27.21,23.61,19.34,29.84
Psal_000591,246,22.76,31.71,21.95,23.58
Psal_000592,108,25.93,19.44,17.59,37.04
Psal_000593,199,17.59,23.62,28.64,30.15
Psal_000594,517,19.73,25.34,26.5,28.43
Psal_000595,188,17.55,29.26,23.4,29.79
Psal_000596,266,25.19,20.3,20.68,33.83
Psal_000597,227,26.87,21.15,24.67,27.31
Psal_000598,212,28.77,26.42,16.98,27.83
Psal_000599,223,22.87,23.32,30.49,23.32
Psal_000600,163,19.63,25.15,30.67,24.54
Psal_000601,863,13.33,30.71,22.83,33.14
Psal_000602,307,24.43,27.69,28.34,19.54
Psal_000603,92,18.48,21.74,40.22,19.57
Psal_000604,142,23.94,21.13,21.13,33.8
Psal_000605,208,18.27,26.44,20.67,34.62
Psal_000606,400,19.5,28.25,25.5,26.75
Psal_000608,85,21.18,18.82,24.71,35.29
Psal_000609,460,20.22,26.3,23.91,29.57
Psal_000610,205,18.54,33.66,21.46,26.34
Psal_000611,36,33.33,25.0,25.0,16.67
Psal_000612,173,14.45,30.64,20.23,34.68
Psal_000613,335,24.18,32.24,21.79,21.79
Psal_000614,151,21.85,17.22,25.17,35.76
Psal_000615,486,15.64,29.42,24.07,30.86
Psal_000616,105,10.48,27.62,22.86,39.05
Psal_000617,84,17.86,22.62,14.29,45.24
Psal_000618,202,24.75,18.81,17.82,38.61
Psal_000619,28,14.29,28.57,17.86,39.29
Psal_000620,541,17.74,28.65,22.92,30.68
Psal_000621,183,16.94,25.14,29.51,28.42
Psal_000622,51,15.69,33.33,19.61,31.37
Psal_000623,144,22.22,22.92,17.36,37.5
Psal_000624,127,26.77,29.13,20.47,23.62
Psal_000625,389,13.62,31.88,17.22,37.28
Psal_000626,95,21.05,22.11,25.26,31.58
Psal_000627,71,30.99,23.94,25.35,19.72
Psal_000628,456,15.79,26.75,18.86,38.6
Psal_000629,125,24.0,24.8,20.0,31.2
Psal_000630,220,20.45,34.55,16.82,28.18
Psal_000632,212,26.42,26.89,14.15,32.55
Psal_000633,286,20.98,29.02,25.87,24.13
Psal_000634,447,19.91,27.52,17.45,35.12
Psal_000635,154,25.97,26.62,17.53,29.87
Psal_000636,141,14.89,31.21,24.82,29.08
Psal_000637,81,29.63,27.16,20.99,22.22
Psal_000638,450,22.67,26.22,20.44,30.67
Psal_000639,885,20.79,29.72,22.03,27.46
Psal_000640,283,19.43,24.03,21.2,35.34
Psal_000641,97,21.65,23.71,17.53,37.11
Psal_000642,150,24.67,20.67,25.33,29.33
Psal_000643,426,15.26,24.88,22.77,37.09
Psal_000644,68,19.12,22.06,29.41,29.41
Psal_000645,80,25.0,25.0,23.75,26.25
Psal_000646,83,20.48,24.1,18.07,37.35
Psal_000647,148,22.3,34.46,17.57,25.68
Psal_000648,129,20.16,27.13,18.6,34.11
Psal_000649,315,19.68,25.71,26.03,28.57
Psal_000650,83,28.92,24.1,20.48,26.51
Psal_000651,105,25.71,20.95,19.05,34.29
Psal_000652,61,24.59,19.67,13.11,42.62
Psal_000653,111,25.23,26.13,18.92,29.73
Psal_000654,111,25.23,26.13,18.92,29.73
Psal_000655,257,18.29,22.18,26.85,32.68
Psal_000656,208,23.56,28.85,22.12,25.48
Psal_000657,226,20.8,23.45,23.45,32.3
Psal_000658,323,19.5,30.34,23.53,26.63
Psal_000659,535,22.24,28.04,25.61,24.11
Psal_000660,586,23.55,26.28,20.99,29.18
Psal_000661,243,9.47,34.98,18.11,37.45
Psal_000662,846,19.86,30.73,20.92,28.49
Psal_000663,105,17.14,38.1,21.9,22.86
Psal_000664,124,29.03,21.77,26.61,22.58
Psal_000665,340,15.29,30.29,20.0,34.41
Psal_000666,721,22.33,32.59,18.17,26.91
Psal_000667,417,23.5,30.7,24.22,21.58
Psal_000668,240,18.33,24.17,22.08,35.42
Psal_000669,151,18.54,28.48,27.15,25.83
Psal_000670,221,28.05,28.05,19.0,24.89
Psal_000671,84,19.05,34.52,14.29,32.14
Psal_000672,239,23.85,25.52,19.67,30.96
Psal_000673,860,20.7,30.0,22.33,26.98
Psal_000674,562,22.6,27.58,23.31,26.51
Psal_000675,124,14.52,25.81,17.74,41.94
Psal_000676,155,21.29,29.03,20.65,29.03
Psal_000677,294,21.09,27.55,22.45,28.91
Psal_000678,519,30.25,24.66,16.57,28.52
Psal_000679,33,21.21,33.33,15.15,30.3
Psal_000680,472,19.7,29.24,23.73,27.33
Psal_000681,201,25.37,22.89,15.42,36.32
Psal_000682,189,21.16,25.93,20.11,32.8
Psal_000683,140,17.86,33.57,30.0,18.57
Psal_000684,543,17.68,31.68,20.81,29.83
Psal_000685,1184,16.81,29.65,19.26,34.29
Psal_000686,214,21.96,18.22,24.3,35.51
Psal_000687,145,27.59,25.52,22.07,24.83
Psal_000688,262,22.52,23.66,20.23,33.59
Psal_000689,463,19.44,27.86,23.33,29.37
Psal_000690,370,25.68,26.49,24.59,23.24
Psal_000691,110,27.27,16.36,22.73,33.64
Psal_000692,409,24.21,30.81,18.34,26.65
Psal_000693,96,16.67,30.21,13.54,39.58
Psal_000694,219,16.89,30.59,21.46,31.05
Psal_000695,320,14.37,28.12,25.0,32.5
Psal_000696,215,16.28,35.35,27.44,20.93
Psal_000697,290,19.31,31.38,25.86,23.45
Psal_000698,175,21.14,26.29,29.14,23.43
Psal_000699,182,23.08,19.23,25.27,32.42
Psal_000700,430,17.91,26.51,26.05,29.53
Psal_000701,247,23.08,25.1,27.53,24.29
Psal_000702,213,18.31,28.17,18.78,34.74
Psal_000703,312,20.51,26.92,28.53,24.04
Psal_000704,267,23.6,20.6,21.35,34.46
Psal_000705,77,12.99,32.47,28.57,25.97
Psal_000706,152,22.37,20.39,17.11,40.13
Psal_000707,163,18.4,26.38,30.06,25.15
Psal_000708,252,18.25,23.81,18.65,39.29
Psal_000709,550,20.36,30.91,21.27,27.45
Psal_000710,327,14.98,24.77,44.04,16.21
Psal_000711,189,26.98,9.52,21.69,41.8
Psal_000712,321,9.97,21.81,49.53,18.69
Psal_000713,181,22.65,9.94,11.05,56.35
Psal_000714,119,24.37,17.65,21.01,36.97
Psal_000715,1259,11.76,26.77,44.32,17.16
Psal_000716,264,26.14,26.89,10.23,36.74
Psal_000717,247,23.08,29.15,22.67,25.1
Psal_000718,337,15.43,32.64,24.63,27.3
Psal_000719,332,16.27,29.82,21.39,32.53
Psal_000720,265,19.62,25.28,27.92,27.17
Psal_000721,221,21.27,21.72,19.91,37.1
Psal_000722,205,23.9,26.83,31.22,18.05
Psal_000723,382,15.71,27.49,21.2,35.6
Psal_000724,198,20.71,24.24,17.68,37.37
Psal_000725,84,28.57,30.95,23.81,16.67
Psal_000726,374,29.41,29.14,15.51,25.94
Psal_000727,268,25.0,29.1,18.66,27.24
Psal_000728,333,19.82,21.62,32.43,26.13
Psal_000729,339,20.94,26.84,23.3,28.91
Psal_000730,77,20.78,16.88,27.27,35.06
Psal_000731,142,29.58,33.1,10.56,26.76
Psal_000732,637,20.09,24.8,21.66,33.44
Psal_000733,341,15.25,20.82,30.5,33.43
Psal_000734,86,23.26,23.26,11.63,41.86
Psal_000735,471,19.75,22.72,29.51,28.03
Psal_000736,425,17.65,30.12,17.41,34.82
Psal_000737,219,15.53,28.77,17.35,38.36
Psal_000738,141,16.31,36.88,10.64,36.17
Psal_000739,232,24.57,22.41,28.02,25.0
Psal_000740,168,23.21,30.36,23.81,22.62
Psal_000741,488,20.7,25.2,19.47,34.63
Psal_000742,309,16.5,33.33,16.83,33.33
Psal_000743,142,21.13,26.76,21.13,30.99
Psal_000744,239,12.13,31.8,11.72,44.35
Psal_000745,428,21.26,27.57,19.16,32.01
Psal_000746,135,30.37,23.7,22.96,22.96
Psal_000747,86,25.58,18.6,24.42,31.4
Psal_000748,884,17.53,31.33,21.15,29.98
Psal_000749,215,26.51,25.12,20.47,27.91
Psal_000750,97,26.8,23.71,18.56,30.93
Psal_000751,552,18.66,28.8,21.2,31.34
Psal_000752,253,28.46,22.53,15.42,33.6
Psal_000753,330,21.21,28.79,18.79,31.21
Psal_000754,44,25.0,29.55,31.82,13.64
Psal_000755,200,29.0,20.0,26.0,25.0
Psal_000756,206,30.1,20.87,25.73,23.3
Psal_000757,212,17.92,25.47,25.0,31.6
Psal_000758,439,21.41,25.06,22.32,31.21
Psal_000759,195,24.62,22.56,31.28,21.54
Psal_000760,32,15.62,21.88,31.25,31.25
Psal_000761,402,15.67,33.83,14.68,35.82
Psal_000762,272,19.49,18.38,30.15,31.99
Psal_000763,520,21.15,23.85,28.08,26.92
Psal_000764,74,12.16,27.03,22.97,37.84
Psal_000765,282,19.15,26.6,20.21,34.04
Psal_000766,163,23.31,22.09,15.95,38.65
Psal_000767,145,26.21,21.38,22.76,29.66
Psal_000768,307,25.41,28.34,22.8,23.45
Psal_000769,71,9.86,38.03,19.72,32.39
Psal_000770,80,10.0,33.75,5.0,51.25
Psal_000771,279,21.86,24.73,26.16,27.24
Psal_000772,681,17.77,28.05,18.21,35.98
Psal_000773,953,20.67,29.91,23.82,25.6
Psal_000774,350,17.14,28.0,27.71,27.14
Psal_000775,203,22.17,19.21,23.65,34.98
Psal_000776,446,18.83,27.13,23.09,30.94
Psal_000777,649,20.96,25.58,26.35,27.12
Psal_000779,102,23.53,27.45,15.69,33.33
Psal_000780,458,23.36,25.98,18.56,32.1
Psal_000781,130,23.08,17.69,30.77,28.46
Psal_000782,406,22.91,29.8,19.95,27.34
Psal_000783,204,9.8,32.35,10.29,47.55
Psal_000784,421,19.0,25.65,27.79,27.55
Psal_000785,323,14.24,31.58,20.43,33.75
Psal_000786,55,18.18,20.0,32.73,29.09
Psal_000787,127,20.47,33.07,18.11,28.35
Psal_000788,272,16.18,24.26,25.37,34.19
Psal_000789,34,35.29,17.65,17.65,29.41
Psal_000790,141,26.95,24.11,12.06,36.88
Psal_000791,73,21.92,34.25,15.07,28.77
Psal_000792,196,19.39,26.02,17.35,37.24
Psal_000793,194,25.26,30.41,20.1,24.23
Psal_000794,685,20.88,23.94,23.21,31.97
Psal_000795,184,27.17,27.17,19.57,26.09
Psal_000796,143,20.98,34.27,20.28,24.48
Psal_000797,33,21.21,21.21,24.24,33.33
Psal_000798,452,16.37,34.29,18.81,30.53
Psal_000799,322,19.25,32.3,22.36,26.09
Psal_000800,477,22.01,24.74,27.04,26.21
Psal_000801,172,15.12,29.65,15.7,39.53
Psal_000802,100,21.0,27.0,26.0,26.0
Psal_000803,104,25.0,16.35,31.73,26.92
Psal_000804,531,18.27,24.67,21.28,35.78
Psal_000805,206,20.87,30.58,16.99,31.55
Psal_000806,212,24.06,31.6,18.4,25.94
Psal_000807,771,23.35,26.07,20.88,29.7
Psal_000808,356,19.66,28.65,25.84,25.84
Psal_000809,173,10.4,24.86,21.97,42.77
Psal_000810,359,23.96,27.02,13.37,35.65
Psal_000811,807,14.62,33.71,19.45,32.22
Psal_000812,590,21.19,28.98,17.97,31.86
Psal_000813,182,10.99,26.92,15.38,46.7
Psal_000814,115,21.74,20.87,23.48,33.91
Psal_000815,520,25.0,26.73,21.15,27.12
Psal_000816,489,16.16,34.15,19.02,30.67
Psal_000817,378,23.54,27.51,21.69,27.25
Psal_000818,299,14.72,23.75,25.08,36.45
Psal_000819,199,13.57,36.68,10.55,39.2
Psal_000820,216,12.96,27.78,22.69,36.57
Psal_000821,586,16.21,30.72,20.14,32.94
Psal_000822,330,19.7,30.91,22.12,27.27
Psal_000823,54,40.74,29.63,5.56,24.07
Psal_000824,435,21.84,20.92,21.84,35.4
Psal_000825,310,17.74,29.35,14.19,38.71
Psal_000826,243,20.16,26.34,21.4,32.1
Psal_000827,262,23.66,24.81,20.61,30.92
Psal_000828,184,24.46,19.02,24.46,32.07
Psal_000829,343,9.33,34.11,8.75,47.81
Psal_000830,183,25.14,22.4,23.5,28.96
Psal_000831,395,22.03,28.1,20.25,29.62
Psal_000832,110,22.73,32.73,20.91,23.64
Psal_000833,199,20.1,23.62,22.11,34.17
Psal_000834,220,30.45,22.27,25.91,21.36
Psal_000835,272,25.37,36.4,12.13,26.1
Psal_000836,27,18.52,14.81,18.52,48.15
Psal_000837,199,27.14,34.67,27.64,10.55
Psal_000838,179,21.79,30.17,28.49,19.55
Psal_000839,201,25.37,30.85,22.89,20.9
Psal_000840,166,21.08,29.52,22.29,27.11
Psal_000841,260,24.23,36.92,11.92,26.92
Psal_000842,137,26.28,25.55,13.14,35.04
Psal_000843,87,17.24,27.59,22.99,32.18
Psal_000844,175,23.43,18.86,21.71,36.0
Psal_000845,125,22.4,16.8,43.2,17.6
Psal_000846,175,12.0,30.86,18.29,38.86
Psal_000847,113,22.12,28.32,24.78,24.78
Psal_000848,198,22.73,17.68,28.79,30.81
Psal_000849,606,18.98,26.9,21.62,32.51
Psal_000850,260,24.23,36.92,11.92,26.92
Psal_000851,131,18.32,29.01,23.66,29.01
Psal_000852,85,22.35,25.88,24.71,27.06
Psal_000853,76,17.11,31.58,21.05,30.26
Psal_000854,608,22.86,26.48,21.71,28.95
Psal_000855,163,18.4,28.22,25.15,28.22
Psal_000856,132,18.94,26.52,25.76,28.79
Psal_000857,238,16.81,34.87,21.43,26.89
Psal_000858,207,19.81,30.92,21.74,27.54
Psal_000859,667,29.99,17.99,28.19,23.84
Psal_000860,500,13.2,30.4,20.8,35.6
Psal_000861,359,21.73,20.61,25.35,32.31
Psal_000862,476,17.23,31.09,17.65,34.03
Psal_000863,228,21.49,26.32,20.61,31.58
Psal_000864,101,20.79,23.76,20.79,34.65
Psal_000865,403,31.76,20.35,22.83,25.06
Psal_000866,264,19.32,29.17,17.8,33.71
Psal_000867,213,22.54,23.0,21.6,32.86
Psal_000868,162,25.93,19.14,28.4,26.54
Psal_000869,64,25.0,18.75,32.81,23.44
Psal_000870,425,20.94,34.35,20.24,24.47
Psal_000871,184,15.76,35.33,21.2,27.72
Psal_000872,314,18.79,27.71,24.52,28.98
Psal_000873,344,20.35,24.71,22.97,31.98
Psal_000874,151,28.48,21.19,20.53,29.8
Psal_000875,157,17.83,29.94,17.83,34.39
Psal_000876,1208,22.19,27.15,21.27,29.39
Psal_000877,86,27.91,20.93,13.95,37.21
Psal_000878,126,17.46,25.4,28.57,28.57
Psal_000879,175,30.86,21.14,22.29,25.71
Psal_000880,154,28.57,31.82,16.23,23.38
Psal_000881,493,23.94,22.92,23.53,29.61
Psal_000882,209,28.23,30.62,19.14,22.01
Psal_000883,171,28.07,35.09,16.96,19.88
Psal_000884,188,25.0,19.68,22.87,32.45
Psal_000885,197,33.5,24.37,13.71,28.43
Psal_000886,763,20.97,28.7,19.27,31.06
Psal_000887,90,31.11,20.0,27.78,21.11
Psal_000888,527,20.3,27.32,22.01,30.36
Psal_000889,314,22.93,27.71,21.02,28.34
Psal_000890,192,21.88,28.65,20.83,28.65
Psal_000891,215,21.86,24.19,20.47,33.49
Psal_000892,679,19.44,31.37,17.08,32.11
Psal_000893,314,19.43,16.56,27.71,36.31
Psal_000894,407,15.72,32.19,29.48,22.6
Psal_000895,700,18.57,28.57,29.14,23.71
Psal_000896,89,24.72,28.09,20.22,26.97
Psal_000897,365,24.66,30.68,18.63,26.03
Psal_000898,81,24.69,17.28,30.86,27.16
Psal_000899,416,18.99,26.44,25.0,29.57
Psal_000900,174,21.26,16.09,19.54,43.1
Psal_000901,337,22.85,27.3,24.04,25.82
Psal_000902,108,10.19,29.63,37.96,22.22
Psal_000903,188,17.02,25.53,23.4,34.04
Psal_000904,176,14.77,33.52,25.57,26.14
Psal_000906,211,22.75,25.59,21.8,29.86
Psal_000907,534,21.16,27.34,22.28,29.21
Psal_000908,202,20.3,34.65,15.35,29.7
Psal_000909,220,31.36,23.64,20.91,24.09
Psal_000910,195,18.97,25.64,17.44,37.95
Psal_000911,255,22.35,23.14,23.53,30.98
Psal_000912,303,23.76,21.12,21.45,33.66
Psal_000913,110,10.0,28.18,13.64,48.18
Psal_000914,363,17.08,23.97,34.71,24.24
Psal_000915,514,19.07,22.57,30.54,27.82
Psal_000916,264,18.94,28.03,18.56,34.47
Psal_000917,740,24.19,28.38,20.41,27.03
Psal_000918,236,24.15,36.02,20.76,19.07
Psal_000919,190,24.74,22.11,21.58,31.58
Psal_000920,216,22.22,30.56,18.98,28.24
Psal_000921,220,22.27,27.73,25.0,25.0
Psal_000922,147,17.69,29.25,25.17,27.89
Psal_000923,175,20.0,31.43,18.29,30.29
Psal_000924,230,23.91,23.91,22.17,30.0
Psal_000925,179,26.82,19.55,31.84,21.79
Psal_000926,173,30.06,24.86,23.12,21.97
Psal_000927,242,25.62,23.14,23.14,28.1
Psal_000928,675,23.11,29.04,22.07,25.78
Psal_000929,285,19.3,25.26,23.16,32.28
Psal_000930,255,23.53,27.06,20.78,28.63
Psal_000931,162,26.54,27.16,25.31,20.99
Psal_000932,623,24.08,30.98,20.06,24.88
Psal_000933,381,22.05,27.03,25.2,25.72
Psal_000934,270,22.22,31.48,16.67,29.63
Psal_000935,154,22.73,27.92,19.48,29.87
Psal_000936,115,26.96,18.26,26.96,27.83
Psal_000937,96,19.79,23.96,25.0,31.25
Psal_000938,146,27.4,25.34,13.7,33.56
Psal_000939,143,19.58,25.87,28.67,25.87
Psal_000940,72,9.72,22.22,15.28,52.78
Psal_000941,148,20.95,30.41,15.54,33.11
Psal_000942,309,22.33,22.65,20.39,34.63
Psal_000943,593,19.9,29.17,21.25,29.68
Psal_000944,231,20.35,37.66,20.78,21.21
Psal_000945,218,22.94,27.52,23.85,25.69
Psal_000946,246,23.17,32.93,14.63,29.27
Psal_000947,287,23.69,31.71,14.29,30.31
Psal_000948,228,24.56,24.56,19.74,31.14
Psal_000949,231,12.99,14.29,48.92,23.81
Psal_000950,195,16.92,24.62,24.1,34.36
Psal_000951,43,0.0,41.86,11.63,46.51
Psal_000952,42,2.38,23.81,16.67,57.14
Psal_000953,342,19.01,21.35,27.19,32.46
Psal_000954,296,18.58,27.03,21.96,32.43
Psal_000955,297,19.87,22.56,22.56,35.02
Psal_000956,285,20.7,25.61,22.46,31.23
Psal_000957,306,20.92,23.2,19.93,35.95
Psal_000958,424,21.23,27.59,22.64,28.54
Psal_000959,232,21.12,26.29,24.14,28.45
Psal_000960,207,16.91,30.43,17.39,35.27
Psal_000961,181,29.83,27.07,13.26,29.83
Psal_000962,164,21.34,26.22,19.51,32.93
Psal_000963,186,20.43,28.49,20.43,30.65
Psal_000964,131,9.16,28.24,13.74,48.85
Psal_000965,137,19.71,30.66,14.6,35.04
Psal_000966,270,24.07,27.41,21.48,27.04
Psal_000967,184,18.48,22.83,26.63,32.07
Psal_000968,87,17.24,36.78,18.39,27.59
Psal_000969,68,4.41,36.76,10.29,48.53
Psal_000970,279,18.64,25.09,27.96,28.32
Psal_000971,70,22.86,21.43,18.57,37.14
Psal_000972,415,21.45,26.75,19.52,32.29
Psal_000973,129,24.81,24.03,31.78,19.38
Psal_000974,258,23.64,26.74,20.16,29.46
Psal_000975,207,20.77,28.99,21.26,28.99
Psal_000976,147,25.85,23.13,17.69,33.33
Psal_000977,266,18.42,24.81,22.56,34.21
Psal_000978,570,22.28,28.25,19.3,30.18
Psal_000979,304,16.12,29.93,23.03,30.92
Psal_000980,45,22.22,33.33,11.11,33.33
Psal_000981,174,23.56,21.26,27.01,28.16
Psal_000982,309,20.71,30.74,18.12,30.42
Psal_000983,96,12.5,32.29,18.75,36.46
Psal_000984,207,24.64,25.6,19.32,30.43
Psal_000985,161,18.63,26.71,21.74,32.92
Psal_000986,264,28.03,17.8,26.52,27.65
Psal_000987,286,12.59,16.43,33.92,37.06
Psal_000988,252,21.83,22.22,17.86,38.1
Psal_000990,364,18.13,25.27,26.65,29.95
Psal_000991,184,20.11,17.93,19.57,42.39
Psal_000992,346,15.03,28.61,33.53,22.83
Psal_000993,597,17.92,25.46,27.81,28.81
Psal_000994,631,25.99,30.43,20.44,23.14
Psal_000995,639,23.0,28.48,19.72,28.79
Psal_000996,179,26.26,29.05,12.29,32.4
Psal_000997,73,23.29,19.18,21.92,35.62
Psal_000998,68,14.71,36.76,26.47,22.06
Psal_000999,75,16.0,36.0,22.67,25.33
Psal_001000,206,24.76,19.42,27.18,28.64
Psal_001001,159,20.75,21.38,25.79,32.08
Psal_001002,331,22.66,25.38,27.79,24.17
Psal_001003,269,16.36,25.28,36.8,21.56
Psal_001004,231,18.61,25.11,18.61,37.66
Psal_001005,156,22.44,26.28,23.08,28.21
Psal_001006,284,17.61,29.93,25.35,27.11
Psal_001007,255,24.71,28.24,19.22,27.84
Psal_001008,419,22.91,24.58,19.57,32.94
Psal_001009,403,20.35,28.29,20.1,31.27
Psal_001010,362,22.65,27.35,22.65,27.35
Psal_001011,79,25.32,29.11,20.25,25.32
Psal_001012,113,29.2,21.24,26.55,23.01
Psal_001013,225,24.0,35.11,16.44,24.44
Psal_001014,495,25.05,26.67,23.23,25.05
Psal_001015,288,23.96,25.35,17.71,32.99
Psal_001016,703,21.34,29.3,25.18,24.18
Psal_001017,189,18.52,23.81,25.4,32.28
Psal_001018,165,16.36,26.06,23.03,34.55
Psal_001019,116,22.41,21.55,13.79,42.24
Psal_001020,47,27.66,21.28,27.66,23.4
Psal_001021,82,23.17,28.05,23.17,25.61
Psal_001022,139,18.71,38.85,16.55,25.9
Psal_001023,514,22.96,28.6,21.6,26.85
Psal_001024,242,9.09,36.36,9.5,45.04
Psal_001025,326,19.94,33.13,19.94,26.99
Psal_001026,453,18.98,30.46,19.21,31.35
